"","From","Routing","Reason","Amount","Balance","Date"
"84651091","LS Bets","030016036","Gateway Payment","-$2,500","240313","07/Aug/2025 23:13"
"84649763","San Andreas Government","020000028","Unemployment Insurance","+$500","242813","07/Aug/2025 22:48"
"84646624","San Andreas Government","020000028","Unemployment Insurance","+$500","242313","07/Aug/2025 21:48"
"84642108","San Andreas Government","020000028","Unemployment Insurance","+$500","241813","07/Aug/2025 20:48"
"84636714","San Andreas Government","020000028","Unemployment Insurance","+$500","241313","07/Aug/2025 19:22"
"84608816","LS Bets","030016036","Gateway Payment","-$1,050","240813","07/Aug/2025 02:49"
"84604025","Atlee Street 24/7","030000140","Item Purchase (Bank)","-$240","241863","07/Aug/2025 00:48"
"84602311","San Andreas Government","020000028","Unemployment Insurance","+$500","242103","07/Aug/2025 00:18"
"84600967","LS Bets","030016036","Gateway Payment","-$2,500","241603","06/Aug/2025 23:53"
"84599347","San Andreas Government","020000028","Unemployment Insurance","+$500","244103","06/Aug/2025 23:18"
"84596100","San Andreas Government","020000028","Unemployment Insurance","+$500","243603","06/Aug/2025 22:18"
"84555988","San Andreas Government","020000028","Unemployment Insurance","+$500","243103","06/Aug/2025 01:35"
"84554947","((Server))","040028285","PM Request Payment #1682","-$109","242603","06/Aug/2025 01:16"
"84554526","LS Bets","030016036","Gateway Payment","-$2,500","242712","06/Aug/2025 01:09"